0.12028239202657807	0.24579401993355493	0.028910299003322232	0.02393355481727573	0.2955382059800665	0.0737009966777409	0.21184053156146185
0.07317330210772828	0.3918071818891493	0.03328259172521464	0.07893832943013272	0.33303669008587067	0.03358313817330207	0.056178766588602616
0.0784609720176729	0.12779086892488928	0.3410898379970545	0.04067746686303377	0.16299705449189944	0.098924889543446	0.15005891016200257
0.03894642857142856	0.16188392857142853	0.11513392857142853	0.14375892857142847	0.08419642857142856	0.2226339285714285	0.23344642857142867
0.04906887755102037	0.20746173469387763	0.050184948979591845	0.09518494897959182	0.2338903061224491	0.1066135204081632	0.2575956632653064
0.015357142857142908	0.2994950738916258	0.10113300492610837	0.012857142857142918	0.18354679802955676	0.2257019704433495	0.16190886699507384
0.1670230700976043	0.09568766637089608	0.2483584738243125	0.009818101153504882	0.24537710736468502	0.15702307009760433	0.07671251109139297
0.0865738498789346	0.2774636803874092	0.030938256658595637	0.13377723970944305	0.14776029055690074	0.1240738498789346	0.19941283292978215
0.029741641337385962	0.3380395136778123	0.32399696048632143	0.12016717325227938	0.10734802431610917	0.022454407294832772	0.05825227963525834
0.052324093816631195	0.3868017057569296	0.03754797441364602	0.14799573560767595	0.13053304904051188	0.08583155650319821	0.15896588486140756
0.10994360902255645	0.2635620300751888	0.22527255639097798	0.012969924812030043	0.17494360902255643	0.08323308270676698	0.13007518796992476
0.08379509379509376	0.2003102453102456	0.04733044733044734	0.1425829725829726	0.3208658008658012	0.05995670995670992	0.14515873015873018
0.144796992481203	0.3911654135338346	0.04806015037593985	0.09600751879699244	0.06458646616541354	0.07079699248120296	0.18458646616541363
0.2630672268907562	0.3257731092436976	0.16247899159663823	0.013243697478991581	0.08142016806722668	0.06994957983193262	0.08406722689075609
0.09352733686067015	0.17111992945326307	0.07142857142857138	0.14068783068783064	0.187231040564374	0.3006878306878308	0.03531746031746034
0.04764847512038519	0.19006420545746378	0.09967094703049768	0.12236757624398083	0.17225521669341887	0.1366934189406099	0.23130016051364324
0.008817330210772826	0.2651288056206089	0.13053864168618257	0.08996487119437938	0.352956674473068	0.09980093676814984	0.052792740046838385
0.11438392857142858	0.10063392857142853	0.07850892857142852	0.015508928571428564	0.37544642857142885	0.06319642857142854	0.2523214285714288
0.08955844155844155	0.17464935064935053	0.0846493506493507	0.016012987012986937	0.529103896103896	0.008467532467532467	0.09755844155844151
0.005425170068027207	0.5970323129251702	0.15721088435374156	0.006377551020408164	0.060544217687074936	0.09423469387755116	0.07917517006802727
0.1614567206192824	0.117638986629134	0.06975721323011971	0.02133356790992259	0.38325475017593214	0.14355031667839543	0.10300844475721299
0.09466689560439562	0.32317651098901107	0.1290178571428571	0.015508241758241765	0.08947458791208794	0.22312843406593416	0.1250274725274725
0.0837130541871921	0.16910098522167494	0.036816502463054186	0.016471674876847288	0.06720443349753688	0.19099753694581295	0.43569581280788133
0.02640854472630171	0.2366889185580775	0.10622162883845132	0.2011281708945262	0.23098798397863807	0.1601935914552737	0.03837116154873163
0.07702110389610384	0.14829951298701302	0.0859699675324676	0.028839285714285744	0.17108360389610394	0.15687905844155847	0.3319074675324677
0.09095238095238083	0.19300793650793654	0.022563492063492046	0.04200793650793641	0.11928571428571429	0.3870634920634915	0.14511904761904756
0.29394285714285706	0.1274095238095239	0.03794285714285718	0.01587619047619044	0.17200952380952386	0.2731428571428571	0.07967619047619051
0.029819759679572747	0.2727169559412544	0.10640854472630176	0.028464619492656853	0.174305740987984	0.1686048064085446	0.2196795727636847
0.06242130750605321	0.2108958837772398	0.06610774818401931	0.45170096852300234	0.10462469733656167	0.08174334140435832	0.022506053268765126
0.06108543417366933	0.18642857142857147	0.2217226890756303	0.008144257703081222	0.27603641456582617	0.17775210084033613	0.06883053221288499
0.05694241982507285	0.23849854227405257	0.31434037900874623	0.10395772594752184	0.13388119533527681	0.13502915451895028	0.01735058309037899
0.10723752151463001	0.13139414802065422	0.5265146299483647	0.07687607573149738	0.05826161790017207	0.03404475043029258	0.06567125645438897
0.0955399659863946	0.1671471088435374	0.07798044217687071	0.08830782312925167	0.33321853741496615	0.18821853741496586	0.049587585034013684
0.05751020408163287	0.26372448979591856	0.2002959183673471	0.10793877551020405	0.07429591836734714	0.2217244897959186	0.07451020408163277
0.20270604395604383	0.19982142857142843	0.19472527472527473	0.09212912087912088	0.13049450549450542	0.15559065934065927	0.02453296703296699
0.038683473389355655	0.34574229691876723	0.26167366946778703	0.14750700280112045	0.1821148459383754	0.019859943977590985	0.004418767507002791
0.09325227963525841	0.2903799392097255	0.25506079027355594	0.07607142857142857	0.1785714285714287	0.08112462006079031	0.025539513677811477
0.3087142857142853	0.28926267281106	0.11145622119815664	0.049649769585253474	0.17135944700460828	0.016359447004608275	0.05319815668202763
0.08681547619047619	0.30431547619047633	0.3103571428571426	0.10667658730158738	0.007162698412698401	0.1788293650793649	0.0058432539682539576
0.33039490720759673	0.18402028485110045	0.2781290461804055	0.06305351747949933	0.07861242986620617	0.06377859300820023	0.002011221406991803
0.21949465500485904	0.2527259475218659	0.12806608357628765	0.14864431486880464	0.08905247813411084	0.09429057337220602	0.06772594752186592
0.06468384074941445	0.43607728337236507	0.1667330210772835	0.16722482435597197	0.06755269320843073	0.08353629976580795	0.01419203747072599
0.27188616071428506	0.15602678571428538	0.34462053571428547	0.017823660714285705	0.006261160714285724	0.14157366071428534	0.06180803571428586
0.11786641929499066	0.21955473098330228	0.2926066790352505	0.10598330241187381	0.22747680890538022	0.009554730983302426	0.026957328385899967
0.049704618689581086	0.21786251342642304	0.2598549946294306	0.04876476906552091	0.12301288936627279	0.21406552094522038	0.08673469387755105
0.17597926267281105	0.278076036866359	0.12017281105990803	0.1434792626728109	0.18017281105990782	0.09283410138248847	0.009285714285714316
0.1346103896103895	0.41216720779220795	0.18398538961038954	0.017394480519480515	0.06955357142857153	0.17086038961038963	0.011428571428571439
0.18921768707482933	0.19096371882086088	0.01493197278911563	0.1619160997732422	0.2873922902494333	0.09945578231292503	0.056122448979591885
0.09260651629072675	0.27667084377610573	0.04418546365914789	0.092314118629908	0.4149749373433596	0.04740183792815374	0.03184628237259818
0.08292043399638331	0.17481916817359866	0.34817359855334523	0.046717902350813835	0.15266726943942147	0.10311030741410475	0.09159132007233256
0.1616244239631333	0.11533410138248866	0.5249308755760365	0.025656682027649754	0.04597926267281107	0.1194470046082951	0.007027649769585266
0.17644179894179912	0.18542328042328052	0.2719973544973539	0.20833994708994738	0.08889550264550262	0.007321428571428553	0.061580687830687805
0.06625661375661374	0.2277380952380961	0.26519179894179834	0.010145502645502631	0.2096362433862433	0.1553769841269844	0.06565476190476191
0.22324041811846698	0.28732578397212555	0.3306794425087108	0.13494773519163775	0.005435540069686402	0.005191637630662015	0.013179442508710813
0.10725595238095237	0.34246428571428617	0.28125595238095225	0.03617261904761903	0.04217261904761904	0.12000595238095235	0.07067261904761903
0.07909266409266409	0.2830791505791505	0.223349420849421	0.012099420849420861	0.18226833976833973	0.13162644787644776	0.08848455598455596
0.047365714285714434	0.17936571428571438	0.3119257142857146	0.014085714285714273	0.2868857142857147	0.15028571428571427	0.010085714285714288
0.2947675736961447	0.29214852607709707	0.17147392290249436	0.01829931972789111	0.07921201814058947	0.13972789115646272	0.004370748299319743
0.007430875576036877	0.2937211981566819	0.2637211981566817	0.3008986175115201	0.09573732718894026	0.031140552995391698	0.0073502304147465515
0.10161725067385437	0.3574663072776272	0.08595687331536393	0.2098247978436657	0.12963611859838267	0.08105121293800545	0.034447439353099615
0.011753246753246762	0.41690476190476305	0.2499350649350655	0.008647186147186124	0.1369047619047619	0.1658441558441558	0.010010822510822491
0.04060532687651335	0.17001210653753013	0.36009685230024174	0.3255205811138012	0.08416464891041162	0.010520581113801471	0.009079903147699783
0.22527093596059142	0.07078817733990132	0.21346059113300486	0.028977832512315307	0.28208128078817707	0.1694088669950739	0.01001231527093601
0.02302687411598297	0.12164073550212182	0.2186209335219232	0.09817538896746811	0.4729773691654882	0.0560466760961811	0.00951202263083453
0.05528425655976678	0.15413629737609327	0.21712099125364406	0.1784220116618075	0.19854956268221569	0.1835750728862973	0.012911807580174935
0.23553216650898792	0.2035454115421007	0.20667455061494844	0.13571428571428576	0.07746925260170281	0.13011825922421935	0.010946073793755904
0.12431868131868104	0.13654945054945025	0.3965494505494506	0.1896263736263735	0.06239560439560427	0.085164835164835	0.005395604395604385
0.043115763546798	0.4400123152709362	0.34975369458128047	0.020443349753694613	0.11466748768472881	0.022167487684729096	0.009839901477832551
0.22491156462585027	0.28843537414965953	0.08038775510204062	0.14481632653061274	0.11772108843537434	0.10524489795918374	0.03848299319727877
0.012188940092165888	0.2278341013824888	0.2046889400921659	0.1769470046082951	0.11904377880184351	0.06573732718894025	0.19355990783410157
0.09689895470383275	0.23848432055749144	0.2819599303135886	0.0622648083623694	0.1501916376306622	0.10043554006968641	0.06976480836236938
0.18202380952380978	0.17965538847117776	0.22364661654135298	0.13285714285714267	0.1079887218045112	0.01807644110275693	0.1557518796992481
0.10384126984126993	0.2481190476190477	0.09795238095238089	0.25928571428571423	0.05873015873015859	0.0908412698412698	0.14123015873015882
0.25991913746630735	0.17303234501347695	0.07048517520215636	0.29727762803234486	0.09680592991913745	0.09067385444743925	0.011805929919137498
0.02676238334529789	0.3285714285714282	0.4072397702799716	0.11744077530509699	0.05115936826992095	0.0623653984206747	0.00646087580760948
0.07766741071428601	0.19274553571428524	0.1943861607142852	0.22930803571428515	0.08532366071428595	0.15985491071428537	0.06071428571428586
0.14812872023809512	0.33430059523809524	0.1752380952380951	0.11807663690476185	0.07677455357142862	0.12890997023809508	0.018571428571428593
0.09293956043956031	0.30442994505494475	0.010631868131868116	0.3383241758241758	0.1221222527472527	0.12481456043956037	0.00673763736263735
0.09060150375939861	0.24764097744360958	0.07277255639097749	0.16007518796992484	0.35968045112781943	0.061917293233082725	0.007312030075187955
0.007420634920634947	0.18640211640211596	0.16130952380952365	0.5600132275132262	0.007420634920634952	0.06769841269841267	0.009735449735449762
0.13869165487977356	0.2680233380480905	0.04138967468175401	0.1976520509193776	0.09161244695898145	0.22480551626591228	0.037825318246110406
0.11667548500881829	0.09513227513227505	0.36821869488536196	0.17939153439153455	0.11877425044091719	0.10883597883597879	0.012971781305114586
0.0052275600505689	0.24974083438685205	0.17093552465233885	0.2000948166877371	0.13248419721871044	0.20673198482933003	0.034785082174462696
0.038076036866359415	0.2963824884792618	0.08630184331797239	0.10485023041474671	0.11412442396313355	0.242188940092166	0.11807603686635963
0.06172268907563008	0.18059523809523814	0.2514775910364147	0.37642857142857106	0.023291316526610605	0.0996638655462185	0.006820728291316514
0.04508163265306128	0.3171530612244899	0.20543877551020437	0.045510204081632845	0.24779591836734713	0.07679591836734712	0.06222448979591852
0.27255639097744333	0.10659147869674199	0.11308270676691745	0.10983709273182968	0.08510025062656634	0.17808270676691726	0.1347493734335841
0.15450240770465493	0.19731139646869958	0.1334911717495988	0.08287319422150885	0.10736757624398069	0.2591091492776888	0.06534510433386835
0.09406403940886708	0.3673399014778327	0.055788177339901476	0.16173645320197017	0.13061576354679783	0.18001231527093625	0.010443349753694623
0.11549361207897785	0.24024970963995373	0.18455865272938457	0.039111498257839654	0.17447735191637626	0.24024970963995396	0.005859465737514506
0.34426708074534196	0.177962732919255	0.14974534161490688	0.12244099378881987	0.043962732919254593	0.07509316770186335	0.08652795031055897
0.03695112781954886	0.21324060150375918	0.31676691729323303	0.03758270676691727	0.21755639097744342	0.12187218045112781	0.05603007518796996
0.09352316602316607	0.29250965250965216	0.34460424710424653	0.09365830115830129	0.08548262548262558	0.005347490347490341	0.08487451737451732
0.014308035714285692	0.2568080357142852	0.15415178571428542	0.11922991071428561	0.23563616071428511	0.1661830357142854	0.053683035714285836
0.16995626822157425	0.29919096209912516	0.08944606413994173	0.009854227405247842	0.25908892128279887	0.11944606413994174	0.05301749271137025
0.1121207658321058	0.21861561119293071	0.42480117820324004	0.06418262150220896	0.08572901325478625	0.04237849779086884	0.05217231222385849
0.12252400960384172	0.21147358943577457	0.2248979591836736	0.0208643457382954	0.09756602641056426	0.3011794717887156	0.02149459783913573
0.008261904761904748	0.10309523809523818	0.31651190476190477	0.19709523809523802	0.011345238095238082	0.2887619047619047	0.07492857142857147
0.14127472527472532	0.270543956043956	0.3821978021978017	0.008505494505494496	0.07992857142857124	0.05577472527472516	0.0617747252747251
0.17715136054421754	0.22090136054421752	0.1562585034013605	0.013044217687074833	0.06280612244897969	0.27209183673469367	0.09774659863945578
